1. Sudoku numero 7076
[1, 2, 3, 4]
[3, 4, 1, 2]
[2, 1, 4, 3]
[4, 3, 2, 1]
---------------------------------
2. Sudoku numero 7113
[1, 2, 3, 4]
[3, 4, 1, 2]
[2, 3, 4, 1]
[4, 1, 2, 3]
---------------------------------
3. Sudoku numero 7274
[1, 2, 3, 4]
[3, 4, 1, 2]
[4, 1, 2, 3]
[2, 3, 4, 1]
---------------------------------
4. Sudoku numero 7377
[1, 2, 3, 4]
[3, 4, 1, 2]
[4, 3, 2, 1]
[2, 1, 4, 3]
---------------------------------
5. Sudoku numero 7537
[1, 2, 3, 4]
[3, 4, 2, 1]
[2, 1, 4, 3]
[4, 3, 1, 2]
---------------------------------
6. Sudoku numero 7818
[1, 2, 3, 4]
[3, 4, 2, 1]
[4, 3, 1, 2]
[2, 1, 4, 3]
---------------------------------
7. Sudoku numero 9843
[1, 2, 3, 4]
[4, 3, 1, 2]
[2, 1, 4, 3]
[3, 4, 2, 1]
---------------------------------
8. Sudoku numero 10044
[1, 2, 3, 4]
[4, 3, 1, 2]
[3, 4, 2, 1]
[2, 1, 4, 3]
---------------------------------
9. Sudoku numero 10304
[1, 2, 3, 4]
[4, 3, 2, 1]
[2, 1, 4, 3]
[3, 4, 1, 2]
---------------------------------
10. Sudoku numero 10364
[1, 2, 3, 4]
[4, 3, 2, 1]
[2, 4, 1, 3]
[3, 1, 4, 2]
---------------------------------
11. Sudoku numero 10425
[1, 2, 3, 4]
[4, 3, 2, 1]
[3, 1, 4, 2]
[2, 4, 1, 3]
---------------------------------
12. Sudoku numero 10485
[1, 2, 3, 4]
[4, 3, 2, 1]
[3, 4, 1, 2]
[2, 1, 4, 3]
---------------------------------
13. Sudoku numero 17681
[1, 2, 4, 3]
[3, 4, 1, 2]
[2, 1, 3, 4]
[4, 3, 2, 1]
---------------------------------
14. Sudoku numero 18002
[1, 2, 4, 3]
[3, 4, 1, 2]
[4, 3, 2, 1]
[2, 1, 3, 4]
---------------------------------
15. Sudoku numero 18142
[1, 2, 4, 3]
[3, 4, 2, 1]
[2, 1, 3, 4]
[4, 3, 1, 2]
---------------------------------
16. Sudoku numero 18181
[1, 2, 4, 3]
[3, 4, 2, 1]
[2, 3, 1, 4]
[4, 1, 3, 2]
---------------------------------
17. Sudoku numero 18382
[1, 2, 4, 3]
[3, 4, 2, 1]
[4, 1, 3, 2]
[2, 3, 1, 4]
---------------------------------
18. Sudoku numero 18443
[1, 2, 4, 3]
[3, 4, 2, 1]
[4, 3, 1, 2]
[2, 1, 3, 4]
---------------------------------
19. Sudoku numero 20448
[1, 2, 4, 3]
[4, 3, 1, 2]
[2, 1, 3, 4]
[3, 4, 2, 1]
---------------------------------
20. Sudoku numero 20548
[1, 2, 4, 3]
[4, 3, 1, 2]
[2, 4, 3, 1]
[3, 1, 2, 4]
---------------------------------
21. Sudoku numero 20569
[1, 2, 4, 3]
[4, 3, 1, 2]
[3, 1, 2, 4]
[2, 4, 3, 1]
---------------------------------
22. Sudoku numero 20669
[1, 2, 4, 3]
[4, 3, 1, 2]
[3, 4, 2, 1]
[2, 1, 3, 4]
---------------------------------
23. Sudoku numero 20909
[1, 2, 4, 3]
[4, 3, 2, 1]
[2, 1, 3, 4]
[3, 4, 1, 2]
---------------------------------
24. Sudoku numero 21110
[1, 2, 4, 3]
[4, 3, 2, 1]
[3, 4, 1, 2]
[2, 1, 3, 4]
---------------------------------
25. Sudoku numero 25659
[1, 3, 2, 4]
[2, 4, 1, 3]
[3, 1, 4, 2]
[4, 2, 3, 1]
---------------------------------
26. Sudoku numero 25699
[1, 3, 2, 4]
[2, 4, 1, 3]
[3, 2, 4, 1]
[4, 1, 3, 2]
---------------------------------
27. Sudoku numero 25780
[1, 3, 2, 4]
[2, 4, 1, 3]
[4, 1, 3, 2]
[3, 2, 4, 1]
---------------------------------
28. Sudoku numero 25820
[1, 3, 2, 4]
[2, 4, 1, 3]
[4, 2, 3, 1]
[3, 1, 4, 2]
---------------------------------
29. Sudoku numero 26120
[1, 3, 2, 4]
[2, 4, 3, 1]
[3, 1, 4, 2]
[4, 2, 1, 3]
---------------------------------
30. Sudoku numero 26261
[1, 3, 2, 4]
[2, 4, 3, 1]
[4, 2, 1, 3]
[3, 1, 4, 2]
---------------------------------
31. Sudoku numero 30251
[1, 3, 2, 4]
[4, 2, 1, 3]
[2, 4, 3, 1]
[3, 1, 4, 2]
---------------------------------
32. Sudoku numero 30292
[1, 3, 2, 4]
[4, 2, 1, 3]
[3, 1, 4, 2]
[2, 4, 3, 1]
---------------------------------
33. Sudoku numero 30632
[1, 3, 2, 4]
[4, 2, 3, 1]
[2, 1, 4, 3]
[3, 4, 1, 2]
---------------------------------
34. Sudoku numero 30692
[1, 3, 2, 4]
[4, 2, 3, 1]
[2, 4, 1, 3]
[3, 1, 4, 2]
---------------------------------
35. Sudoku numero 30753
[1, 3, 2, 4]
[4, 2, 3, 1]
[3, 1, 4, 2]
[2, 4, 1, 3]
---------------------------------
36. Sudoku numero 30813
[1, 3, 2, 4]
[4, 2, 3, 1]
[3, 4, 1, 2]
[2, 1, 4, 3]
---------------------------------
37. Sudoku numero 36264
[1, 3, 4, 2]
[2, 4, 1, 3]
[3, 1, 2, 4]
[4, 2, 3, 1]
---------------------------------
38. Sudoku numero 36445
[1, 3, 4, 2]
[2, 4, 1, 3]
[4, 2, 3, 1]
[3, 1, 2, 4]
---------------------------------
39. Sudoku numero 36725
[1, 3, 4, 2]
[2, 4, 3, 1]
[3, 1, 2, 4]
[4, 2, 1, 3]
---------------------------------
40. Sudoku numero 36765
[1, 3, 4, 2]
[2, 4, 3, 1]
[3, 2, 1, 4]
[4, 1, 2, 3]
---------------------------------
41. Sudoku numero 36846
[1, 3, 4, 2]
[2, 4, 3, 1]
[4, 1, 2, 3]
[3, 2, 1, 4]
---------------------------------
42. Sudoku numero 36886
[1, 3, 4, 2]
[2, 4, 3, 1]
[4, 2, 1, 3]
[3, 1, 2, 4]
---------------------------------
43. Sudoku numero 40776
[1, 3, 4, 2]
[4, 2, 1, 3]
[2, 1, 3, 4]
[3, 4, 2, 1]
---------------------------------
44. Sudoku numero 40876
[1, 3, 4, 2]
[4, 2, 1, 3]
[2, 4, 3, 1]
[3, 1, 2, 4]
---------------------------------
45. Sudoku numero 40897
[1, 3, 4, 2]
[4, 2, 1, 3]
[3, 1, 2, 4]
[2, 4, 3, 1]
---------------------------------
46. Sudoku numero 40997
[1, 3, 4, 2]
[4, 2, 1, 3]
[3, 4, 2, 1]
[2, 1, 3, 4]
---------------------------------
47. Sudoku numero 41317
[1, 3, 4, 2]
[4, 2, 3, 1]
[2, 4, 1, 3]
[3, 1, 2, 4]
---------------------------------
48. Sudoku numero 41358
[1, 3, 4, 2]
[4, 2, 3, 1]
[3, 1, 2, 4]
[2, 4, 1, 3]
---------------------------------
49. Sudoku numero 45987
[1, 4, 2, 3]
[2, 3, 1, 4]
[3, 1, 4, 2]
[4, 2, 3, 1]
---------------------------------
50. Sudoku numero 46027
[1, 4, 2, 3]
[2, 3, 1, 4]
[3, 2, 4, 1]
[4, 1, 3, 2]
---------------------------------
51. Sudoku numero 46108
[1, 4, 2, 3]
[2, 3, 1, 4]
[4, 1, 3, 2]
[3, 2, 4, 1]
---------------------------------
52. Sudoku numero 46148
[1, 4, 2, 3]
[2, 3, 1, 4]
[4, 2, 3, 1]
[3, 1, 4, 2]
---------------------------------
53. Sudoku numero 46468
[1, 4, 2, 3]
[2, 3, 4, 1]
[3, 2, 1, 4]
[4, 1, 3, 2]
---------------------------------
54. Sudoku numero 46569
[1, 4, 2, 3]
[2, 3, 4, 1]
[4, 1, 3, 2]
[3, 2, 1, 4]
---------------------------------
55. Sudoku numero 48694
[1, 4, 2, 3]
[3, 2, 1, 4]
[2, 3, 4, 1]
[4, 1, 3, 2]
---------------------------------
56. Sudoku numero 48875
[1, 4, 2, 3]
[3, 2, 1, 4]
[4, 1, 3, 2]
[2, 3, 4, 1]
---------------------------------
57. Sudoku numero 49096
[1, 4, 2, 3]
[3, 2, 4, 1]
[2, 1, 3, 4]
[4, 3, 1, 2]
---------------------------------
58. Sudoku numero 49135
[1, 4, 2, 3]
[3, 2, 4, 1]
[2, 3, 1, 4]
[4, 1, 3, 2]
---------------------------------
59. Sudoku numero 49336
[1, 4, 2, 3]
[3, 2, 4, 1]
[4, 1, 3, 2]
[2, 3, 1, 4]
---------------------------------
60. Sudoku numero 49397
[1, 4, 2, 3]
[3, 2, 4, 1]
[4, 3, 1, 2]
[2, 1, 3, 4]
---------------------------------
61. Sudoku numero 56652
[1, 4, 3, 2]
[2, 3, 1, 4]
[3, 2, 4, 1]
[4, 1, 2, 3]
---------------------------------
62. Sudoku numero 56713
[1, 4, 3, 2]
[2, 3, 1, 4]
[4, 1, 2, 3]
[3, 2, 4, 1]
---------------------------------
63. Sudoku numero 57053
[1, 4, 3, 2]
[2, 3, 4, 1]
[3, 1, 2, 4]
[4, 2, 1, 3]
---------------------------------
64. Sudoku numero 57093
[1, 4, 3, 2]
[2, 3, 4, 1]
[3, 2, 1, 4]
[4, 1, 2, 3]
---------------------------------
65. Sudoku numero 57174
[1, 4, 3, 2]
[2, 3, 4, 1]
[4, 1, 2, 3]
[3, 2, 1, 4]
---------------------------------
66. Sudoku numero 57214
[1, 4, 3, 2]
[2, 3, 4, 1]
[4, 2, 1, 3]
[3, 1, 2, 4]
---------------------------------
67. Sudoku numero 59282
[1, 4, 3, 2]
[3, 2, 1, 4]
[2, 1, 4, 3]
[4, 3, 2, 1]
---------------------------------
68. Sudoku numero 59319
[1, 4, 3, 2]
[3, 2, 1, 4]
[2, 3, 4, 1]
[4, 1, 2, 3]
---------------------------------
69. Sudoku numero 59480
[1, 4, 3, 2]
[3, 2, 1, 4]
[4, 1, 2, 3]
[2, 3, 4, 1]
---------------------------------
70. Sudoku numero 59583
[1, 4, 3, 2]
[3, 2, 1, 4]
[4, 3, 2, 1]
[2, 1, 4, 3]
---------------------------------
71. Sudoku numero 59760
[1, 4, 3, 2]
[3, 2, 4, 1]
[2, 3, 1, 4]
[4, 1, 2, 3]
---------------------------------
72. Sudoku numero 59941
[1, 4, 3, 2]
[3, 2, 4, 1]
[4, 1, 2, 3]
[2, 3, 1, 4]
---------------------------------
73. Sudoku numero 70727
[2, 1, 3, 4]
[3, 4, 1, 2]
[1, 2, 4, 3]
[4, 3, 2, 1]
---------------------------------
74. Sudoku numero 71128
[2, 1, 3, 4]
[3, 4, 1, 2]
[4, 3, 2, 1]
[1, 2, 4, 3]
---------------------------------
75. Sudoku numero 71188
[2, 1, 3, 4]
[3, 4, 2, 1]
[1, 2, 4, 3]
[4, 3, 1, 2]
---------------------------------
76. Sudoku numero 71228
[2, 1, 3, 4]
[3, 4, 2, 1]
[1, 3, 4, 2]
[4, 2, 1, 3]
---------------------------------
77. Sudoku numero 71529
[2, 1, 3, 4]
[3, 4, 2, 1]
[4, 2, 1, 3]
[1, 3, 4, 2]
---------------------------------
78. Sudoku numero 71569
[2, 1, 3, 4]
[3, 4, 2, 1]
[4, 3, 1, 2]
[1, 2, 4, 3]
---------------------------------
79. Sudoku numero 73494
[2, 1, 3, 4]
[4, 3, 1, 2]
[1, 2, 4, 3]
[3, 4, 2, 1]
---------------------------------
80. Sudoku numero 73555
[2, 1, 3, 4]
[4, 3, 1, 2]
[1, 4, 2, 3]
[3, 2, 4, 1]
---------------------------------
81. Sudoku numero 73756
[2, 1, 3, 4]
[4, 3, 1, 2]
[3, 2, 4, 1]
[1, 4, 2, 3]
---------------------------------
82. Sudoku numero 73795
[2, 1, 3, 4]
[4, 3, 1, 2]
[3, 4, 2, 1]
[1, 2, 4, 3]
---------------------------------
83. Sudoku numero 73955
[2, 1, 3, 4]
[4, 3, 2, 1]
[1, 2, 4, 3]
[3, 4, 1, 2]
---------------------------------
84. Sudoku numero 74236
[2, 1, 3, 4]
[4, 3, 2, 1]
[3, 4, 1, 2]
[1, 2, 4, 3]
---------------------------------
85. Sudoku numero 81332
[2, 1, 4, 3]
[3, 4, 1, 2]
[1, 2, 3, 4]
[4, 3, 2, 1]
---------------------------------
86. Sudoku numero 81372
[2, 1, 4, 3]
[3, 4, 1, 2]
[1, 3, 2, 4]
[4, 2, 3, 1]
---------------------------------
87. Sudoku numero 81713
[2, 1, 4, 3]
[3, 4, 1, 2]
[4, 2, 3, 1]
[1, 3, 2, 4]
---------------------------------
88. Sudoku numero 81753
[2, 1, 4, 3]
[3, 4, 1, 2]
[4, 3, 2, 1]
[1, 2, 3, 4]
---------------------------------
89. Sudoku numero 81793
[2, 1, 4, 3]
[3, 4, 2, 1]
[1, 2, 3, 4]
[4, 3, 1, 2]
---------------------------------
90. Sudoku numero 82194
[2, 1, 4, 3]
[3, 4, 2, 1]
[4, 3, 1, 2]
[1, 2, 3, 4]
---------------------------------
91. Sudoku numero 84099
[2, 1, 4, 3]
[4, 3, 1, 2]
[1, 2, 3, 4]
[3, 4, 2, 1]
---------------------------------
92. Sudoku numero 84420
[2, 1, 4, 3]
[4, 3, 1, 2]
[3, 4, 2, 1]
[1, 2, 3, 4]
---------------------------------
93. Sudoku numero 84560
[2, 1, 4, 3]
[4, 3, 2, 1]
[1, 2, 3, 4]
[3, 4, 1, 2]
---------------------------------
94. Sudoku numero 84663
[2, 1, 4, 3]
[4, 3, 2, 1]
[1, 4, 3, 2]
[3, 2, 1, 4]
---------------------------------
95. Sudoku numero 84824
[2, 1, 4, 3]
[4, 3, 2, 1]
[3, 2, 1, 4]
[1, 4, 3, 2]
---------------------------------
96. Sudoku numero 84861
[2, 1, 4, 3]
[4, 3, 2, 1]
[3, 4, 1, 2]
[1, 2, 3, 4]
---------------------------------
97. Sudoku numero 87105
[2, 3, 1, 4]
[1, 4, 2, 3]
[3, 1, 4, 2]
[4, 2, 3, 1]
---------------------------------
98. Sudoku numero 87145
[2, 3, 1, 4]
[1, 4, 2, 3]
[3, 2, 4, 1]
[4, 1, 3, 2]
---------------------------------
99. Sudoku numero 87226
[2, 3, 1, 4]
[1, 4, 2, 3]
[4, 1, 3, 2]
[3, 2, 4, 1]
---------------------------------
100. Sudoku numero 87266
[2, 3, 1, 4]
[1, 4, 2, 3]
[4, 2, 3, 1]
[3, 1, 4, 2]
---------------------------------
101. Sudoku numero 87606
[2, 3, 1, 4]
[1, 4, 3, 2]
[3, 2, 4, 1]
[4, 1, 2, 3]
---------------------------------
102. Sudoku numero 87667
[2, 3, 1, 4]
[1, 4, 3, 2]
[4, 1, 2, 3]
[3, 2, 4, 1]
---------------------------------
103. Sudoku numero 92980
[2, 3, 1, 4]
[4, 1, 2, 3]
[1, 4, 3, 2]
[3, 2, 4, 1]
---------------------------------
104. Sudoku numero 93161
[2, 3, 1, 4]
[4, 1, 2, 3]
[3, 2, 4, 1]
[1, 4, 3, 2]
---------------------------------
105. Sudoku numero 93360
[2, 3, 1, 4]
[4, 1, 3, 2]
[1, 2, 4, 3]
[3, 4, 2, 1]
---------------------------------
106. Sudoku numero 93421
[2, 3, 1, 4]
[4, 1, 3, 2]
[1, 4, 2, 3]
[3, 2, 4, 1]
---------------------------------
107. Sudoku numero 93622
[2, 3, 1, 4]
[4, 1, 3, 2]
[3, 2, 4, 1]
[1, 4, 2, 3]
---------------------------------
108. Sudoku numero 93661
[2, 3, 1, 4]
[4, 1, 3, 2]
[3, 4, 2, 1]
[1, 2, 4, 3]
---------------------------------
109. Sudoku numero 97750
[2, 3, 4, 1]
[1, 4, 2, 3]
[3, 2, 1, 4]
[4, 1, 3, 2]
---------------------------------
110. Sudoku numero 97851
[2, 3, 4, 1]
[1, 4, 2, 3]
[4, 1, 3, 2]
[3, 2, 1, 4]
---------------------------------
111. Sudoku numero 98171
[2, 3, 4, 1]
[1, 4, 3, 2]
[3, 1, 2, 4]
[4, 2, 1, 3]
---------------------------------
112. Sudoku numero 98211
[2, 3, 4, 1]
[1, 4, 3, 2]
[3, 2, 1, 4]
[4, 1, 2, 3]
---------------------------------
113. Sudoku numero 98292
[2, 3, 4, 1]
[1, 4, 3, 2]
[4, 1, 2, 3]
[3, 2, 1, 4]
---------------------------------
114. Sudoku numero 98332
[2, 3, 4, 1]
[1, 4, 3, 2]
[4, 2, 1, 3]
[3, 1, 2, 4]
---------------------------------
115. Sudoku numero 103502
[2, 3, 4, 1]
[4, 1, 2, 3]
[1, 2, 3, 4]
[3, 4, 1, 2]
---------------------------------
116. Sudoku numero 103605
[2, 3, 4, 1]
[4, 1, 2, 3]
[1, 4, 3, 2]
[3, 2, 1, 4]
---------------------------------
117. Sudoku numero 103766
[2, 3, 4, 1]
[4, 1, 2, 3]
[3, 2, 1, 4]
[1, 4, 3, 2]
---------------------------------
118. Sudoku numero 103803
[2, 3, 4, 1]
[4, 1, 2, 3]
[3, 4, 1, 2]
[1, 2, 3, 4]
---------------------------------
119. Sudoku numero 104046
[2, 3, 4, 1]
[4, 1, 3, 2]
[1, 4, 2, 3]
[3, 2, 1, 4]
---------------------------------
120. Sudoku numero 104227
[2, 3, 4, 1]
[4, 1, 3, 2]
[3, 2, 1, 4]
[1, 4, 2, 3]
---------------------------------
121. Sudoku numero 107433
[2, 4, 1, 3]
[1, 3, 2, 4]
[3, 1, 4, 2]
[4, 2, 3, 1]
---------------------------------
122. Sudoku numero 107473
[2, 4, 1, 3]
[1, 3, 2, 4]
[3, 2, 4, 1]
[4, 1, 3, 2]
---------------------------------
123. Sudoku numero 107554
[2, 4, 1, 3]
[1, 3, 2, 4]
[4, 1, 3, 2]
[3, 2, 4, 1]
---------------------------------
124. Sudoku numero 107594
[2, 4, 1, 3]
[1, 3, 2, 4]
[4, 2, 3, 1]
[3, 1, 4, 2]
---------------------------------
125. Sudoku numero 107874
[2, 4, 1, 3]
[1, 3, 4, 2]
[3, 1, 2, 4]
[4, 2, 3, 1]
---------------------------------
126. Sudoku numero 108055
[2, 4, 1, 3]
[1, 3, 4, 2]
[4, 2, 3, 1]
[3, 1, 2, 4]
---------------------------------
127. Sudoku numero 111423
[2, 4, 1, 3]
[3, 1, 2, 4]
[1, 3, 4, 2]
[4, 2, 3, 1]
---------------------------------
128. Sudoku numero 111744
[2, 4, 1, 3]
[3, 1, 2, 4]
[4, 2, 3, 1]
[1, 3, 4, 2]
---------------------------------
129. Sudoku numero 111824
[2, 4, 1, 3]
[3, 1, 4, 2]
[1, 2, 3, 4]
[4, 3, 2, 1]
---------------------------------
130. Sudoku numero 111864
[2, 4, 1, 3]
[3, 1, 4, 2]
[1, 3, 2, 4]
[4, 2, 3, 1]
---------------------------------
131. Sudoku numero 112205
[2, 4, 1, 3]
[3, 1, 4, 2]
[4, 2, 3, 1]
[1, 3, 2, 4]
---------------------------------
132. Sudoku numero 112245
[2, 4, 1, 3]
[3, 1, 4, 2]
[4, 3, 2, 1]
[1, 2, 3, 4]
---------------------------------
133. Sudoku numero 118058
[2, 4, 3, 1]
[1, 3, 2, 4]
[3, 1, 4, 2]
[4, 2, 1, 3]
---------------------------------
134. Sudoku numero 118199
[2, 4, 3, 1]
[1, 3, 2, 4]
[4, 2, 1, 3]
[3, 1, 4, 2]
---------------------------------
135. Sudoku numero 118499
[2, 4, 3, 1]
[1, 3, 4, 2]
[3, 1, 2, 4]
[4, 2, 1, 3]
---------------------------------
136. Sudoku numero 118539
[2, 4, 3, 1]
[1, 3, 4, 2]
[3, 2, 1, 4]
[4, 1, 2, 3]
---------------------------------
137. Sudoku numero 118620
[2, 4, 3, 1]
[1, 3, 4, 2]
[4, 1, 2, 3]
[3, 2, 1, 4]
---------------------------------
138. Sudoku numero 118660
[2, 4, 3, 1]
[1, 3, 4, 2]
[4, 2, 1, 3]
[3, 1, 2, 4]
---------------------------------
139. Sudoku numero 122008
[2, 4, 3, 1]
[3, 1, 2, 4]
[1, 2, 4, 3]
[4, 3, 1, 2]
---------------------------------
140. Sudoku numero 122048
[2, 4, 3, 1]
[3, 1, 2, 4]
[1, 3, 4, 2]
[4, 2, 1, 3]
---------------------------------
141. Sudoku numero 122349
[2, 4, 3, 1]
[3, 1, 2, 4]
[4, 2, 1, 3]
[1, 3, 4, 2]
---------------------------------
142. Sudoku numero 122389
[2, 4, 3, 1]
[3, 1, 2, 4]
[4, 3, 1, 2]
[1, 2, 4, 3]
---------------------------------
143. Sudoku numero 122489
[2, 4, 3, 1]
[3, 1, 4, 2]
[1, 3, 2, 4]
[4, 2, 1, 3]
---------------------------------
144. Sudoku numero 122810
[2, 4, 3, 1]
[3, 1, 4, 2]
[4, 2, 1, 3]
[1, 3, 2, 4]
---------------------------------
145. Sudoku numero 132213
[3, 1, 2, 4]
[2, 4, 1, 3]
[1, 3, 4, 2]
[4, 2, 3, 1]
---------------------------------
146. Sudoku numero 132534
[3, 1, 2, 4]
[2, 4, 1, 3]
[4, 2, 3, 1]
[1, 3, 4, 2]
---------------------------------
147. Sudoku numero 132634
[3, 1, 2, 4]
[2, 4, 3, 1]
[1, 2, 4, 3]
[4, 3, 1, 2]
---------------------------------
148. Sudoku numero 132674
[3, 1, 2, 4]
[2, 4, 3, 1]
[1, 3, 4, 2]
[4, 2, 1, 3]
---------------------------------
149. Sudoku numero 132975
[3, 1, 2, 4]
[2, 4, 3, 1]
[4, 2, 1, 3]
[1, 3, 4, 2]
---------------------------------
150. Sudoku numero 133015
[3, 1, 2, 4]
[2, 4, 3, 1]
[4, 3, 1, 2]
[1, 2, 4, 3]
---------------------------------
151. Sudoku numero 136363
[3, 1, 2, 4]
[4, 2, 1, 3]
[1, 3, 4, 2]
[2, 4, 3, 1]
---------------------------------
152. Sudoku numero 136403
[3, 1, 2, 4]
[4, 2, 1, 3]
[1, 4, 3, 2]
[2, 3, 4, 1]
---------------------------------
153. Sudoku numero 136484
[3, 1, 2, 4]
[4, 2, 1, 3]
[2, 3, 4, 1]
[1, 4, 3, 2]
---------------------------------
154. Sudoku numero 136524
[3, 1, 2, 4]
[4, 2, 1, 3]
[2, 4, 3, 1]
[1, 3, 4, 2]
---------------------------------
155. Sudoku numero 136824
[3, 1, 2, 4]
[4, 2, 3, 1]
[1, 3, 4, 2]
[2, 4, 1, 3]
---------------------------------
156. Sudoku numero 136965
[3, 1, 2, 4]
[4, 2, 3, 1]
[2, 4, 1, 3]
[1, 3, 4, 2]
---------------------------------
157. Sudoku numero 142778
[3, 1, 4, 2]
[2, 4, 1, 3]
[1, 2, 3, 4]
[4, 3, 2, 1]
---------------------------------
158. Sudoku numero 142818
[3, 1, 4, 2]
[2, 4, 1, 3]
[1, 3, 2, 4]
[4, 2, 3, 1]
---------------------------------
159. Sudoku numero 143159
[3, 1, 4, 2]
[2, 4, 1, 3]
[4, 2, 3, 1]
[1, 3, 2, 4]
---------------------------------
160. Sudoku numero 143199
[3, 1, 4, 2]
[2, 4, 1, 3]
[4, 3, 2, 1]
[1, 2, 3, 4]
---------------------------------
161. Sudoku numero 143279
[3, 1, 4, 2]
[2, 4, 3, 1]
[1, 3, 2, 4]
[4, 2, 1, 3]
---------------------------------
162. Sudoku numero 143600
[3, 1, 4, 2]
[2, 4, 3, 1]
[4, 2, 1, 3]
[1, 3, 2, 4]
---------------------------------
163. Sudoku numero 146968
[3, 1, 4, 2]
[4, 2, 1, 3]
[1, 3, 2, 4]
[2, 4, 3, 1]
---------------------------------
164. Sudoku numero 147149
[3, 1, 4, 2]
[4, 2, 1, 3]
[2, 4, 3, 1]
[1, 3, 2, 4]
---------------------------------
165. Sudoku numero 147429
[3, 1, 4, 2]
[4, 2, 3, 1]
[1, 3, 2, 4]
[2, 4, 1, 3]
---------------------------------
166. Sudoku numero 147469
[3, 1, 4, 2]
[4, 2, 3, 1]
[1, 4, 2, 3]
[2, 3, 1, 4]
---------------------------------
167. Sudoku numero 147550
[3, 1, 4, 2]
[4, 2, 3, 1]
[2, 3, 1, 4]
[1, 4, 2, 3]
---------------------------------
168. Sudoku numero 147590
[3, 1, 4, 2]
[4, 2, 3, 1]
[2, 4, 1, 3]
[1, 3, 2, 4]
---------------------------------
169. Sudoku numero 150796
[3, 2, 1, 4]
[1, 4, 2, 3]
[2, 3, 4, 1]
[4, 1, 3, 2]
---------------------------------
170. Sudoku numero 150977
[3, 2, 1, 4]
[1, 4, 2, 3]
[4, 1, 3, 2]
[2, 3, 4, 1]
---------------------------------
171. Sudoku numero 151220
[3, 2, 1, 4]
[1, 4, 3, 2]
[2, 1, 4, 3]
[4, 3, 2, 1]
---------------------------------
172. Sudoku numero 151257
[3, 2, 1, 4]
[1, 4, 3, 2]
[2, 3, 4, 1]
[4, 1, 2, 3]
---------------------------------
173. Sudoku numero 151418
[3, 2, 1, 4]
[1, 4, 3, 2]
[4, 1, 2, 3]
[2, 3, 4, 1]
---------------------------------
174. Sudoku numero 151521
[3, 2, 1, 4]
[1, 4, 3, 2]
[4, 3, 2, 1]
[2, 1, 4, 3]
---------------------------------
175. Sudoku numero 156691
[3, 2, 1, 4]
[4, 1, 2, 3]
[1, 3, 4, 2]
[2, 4, 3, 1]
---------------------------------
176. Sudoku numero 156731
[3, 2, 1, 4]
[4, 1, 2, 3]
[1, 4, 3, 2]
[2, 3, 4, 1]
---------------------------------
177. Sudoku numero 156812
[3, 2, 1, 4]
[4, 1, 2, 3]
[2, 3, 4, 1]
[1, 4, 3, 2]
---------------------------------
178. Sudoku numero 156852
[3, 2, 1, 4]
[4, 1, 2, 3]
[2, 4, 3, 1]
[1, 3, 4, 2]
---------------------------------
179. Sudoku numero 157172
[3, 2, 1, 4]
[4, 1, 3, 2]
[1, 4, 2, 3]
[2, 3, 4, 1]
---------------------------------
180. Sudoku numero 157273
[3, 2, 1, 4]
[4, 1, 3, 2]
[2, 3, 4, 1]
[1, 4, 2, 3]
---------------------------------
181. Sudoku numero 161362
[3, 2, 4, 1]
[1, 4, 2, 3]
[2, 1, 3, 4]
[4, 3, 1, 2]
---------------------------------
182. Sudoku numero 161401
[3, 2, 4, 1]
[1, 4, 2, 3]
[2, 3, 1, 4]
[4, 1, 3, 2]
---------------------------------
183. Sudoku numero 161602
[3, 2, 4, 1]
[1, 4, 2, 3]
[4, 1, 3, 2]
[2, 3, 1, 4]
---------------------------------
184. Sudoku numero 161663
[3, 2, 4, 1]
[1, 4, 2, 3]
[4, 3, 1, 2]
[2, 1, 3, 4]
---------------------------------
185. Sudoku numero 161862
[3, 2, 4, 1]
[1, 4, 3, 2]
[2, 3, 1, 4]
[4, 1, 2, 3]
---------------------------------
186. Sudoku numero 162043
[3, 2, 4, 1]
[1, 4, 3, 2]
[4, 1, 2, 3]
[2, 3, 1, 4]
---------------------------------
187. Sudoku numero 167356
[3, 2, 4, 1]
[4, 1, 2, 3]
[1, 4, 3, 2]
[2, 3, 1, 4]
---------------------------------
188. Sudoku numero 167417
[3, 2, 4, 1]
[4, 1, 2, 3]
[2, 3, 1, 4]
[1, 4, 3, 2]
---------------------------------
189. Sudoku numero 167757
[3, 2, 4, 1]
[4, 1, 3, 2]
[1, 3, 2, 4]
[2, 4, 1, 3]
---------------------------------
190. Sudoku numero 167797
[3, 2, 4, 1]
[4, 1, 3, 2]
[1, 4, 2, 3]
[2, 3, 1, 4]
---------------------------------
191. Sudoku numero 167878
[3, 2, 4, 1]
[4, 1, 3, 2]
[2, 3, 1, 4]
[1, 4, 2, 3]
---------------------------------
192. Sudoku numero 167918
[3, 2, 4, 1]
[4, 1, 3, 2]
[2, 4, 1, 3]
[1, 3, 2, 4]
---------------------------------
193. Sudoku numero 170162
[3, 4, 1, 2]
[1, 2, 3, 4]
[2, 1, 4, 3]
[4, 3, 2, 1]
---------------------------------
194. Sudoku numero 170199
[3, 4, 1, 2]
[1, 2, 3, 4]
[2, 3, 4, 1]
[4, 1, 2, 3]
---------------------------------
195. Sudoku numero 170360
[3, 4, 1, 2]
[1, 2, 3, 4]
[4, 1, 2, 3]
[2, 3, 4, 1]
---------------------------------
196. Sudoku numero 170463
[3, 4, 1, 2]
[1, 2, 3, 4]
[4, 3, 2, 1]
[2, 1, 4, 3]
---------------------------------
197. Sudoku numero 170603
[3, 4, 1, 2]
[1, 2, 4, 3]
[2, 1, 3, 4]
[4, 3, 2, 1]
---------------------------------
198. Sudoku numero 170924
[3, 4, 1, 2]
[1, 2, 4, 3]
[4, 3, 2, 1]
[2, 1, 3, 4]
---------------------------------
199. Sudoku numero 172829
[3, 4, 1, 2]
[2, 1, 3, 4]
[1, 2, 4, 3]
[4, 3, 2, 1]
---------------------------------
200. Sudoku numero 173230
[3, 4, 1, 2]
[2, 1, 3, 4]
[4, 3, 2, 1]
[1, 2, 4, 3]
---------------------------------
201. Sudoku numero 173270
[3, 4, 1, 2]
[2, 1, 4, 3]
[1, 2, 3, 4]
[4, 3, 2, 1]
---------------------------------
202. Sudoku numero 173310
[3, 4, 1, 2]
[2, 1, 4, 3]
[1, 3, 2, 4]
[4, 2, 3, 1]
---------------------------------
203. Sudoku numero 173651
[3, 4, 1, 2]
[2, 1, 4, 3]
[4, 2, 3, 1]
[1, 3, 2, 4]
---------------------------------
204. Sudoku numero 173691
[3, 4, 1, 2]
[2, 1, 4, 3]
[4, 3, 2, 1]
[1, 2, 3, 4]
---------------------------------
205. Sudoku numero 180787
[3, 4, 2, 1]
[1, 2, 3, 4]
[2, 1, 4, 3]
[4, 3, 1, 2]
---------------------------------
206. Sudoku numero 181068
[3, 4, 2, 1]
[1, 2, 3, 4]
[4, 3, 1, 2]
[2, 1, 4, 3]
---------------------------------
207. Sudoku numero 181228
[3, 4, 2, 1]
[1, 2, 4, 3]
[2, 1, 3, 4]
[4, 3, 1, 2]
---------------------------------
208. Sudoku numero 181267
[3, 4, 2, 1]
[1, 2, 4, 3]
[2, 3, 1, 4]
[4, 1, 3, 2]
---------------------------------
209. Sudoku numero 181468
[3, 4, 2, 1]
[1, 2, 4, 3]
[4, 1, 3, 2]
[2, 3, 1, 4]
---------------------------------
210. Sudoku numero 181529
[3, 4, 2, 1]
[1, 2, 4, 3]
[4, 3, 1, 2]
[2, 1, 3, 4]
---------------------------------
211. Sudoku numero 183454
[3, 4, 2, 1]
[2, 1, 3, 4]
[1, 2, 4, 3]
[4, 3, 1, 2]
---------------------------------
212. Sudoku numero 183494
[3, 4, 2, 1]
[2, 1, 3, 4]
[1, 3, 4, 2]
[4, 2, 1, 3]
---------------------------------
213. Sudoku numero 183795
[3, 4, 2, 1]
[2, 1, 3, 4]
[4, 2, 1, 3]
[1, 3, 4, 2]
---------------------------------
214. Sudoku numero 183835
[3, 4, 2, 1]
[2, 1, 3, 4]
[4, 3, 1, 2]
[1, 2, 4, 3]
---------------------------------
215. Sudoku numero 183895
[3, 4, 2, 1]
[2, 1, 4, 3]
[1, 2, 3, 4]
[4, 3, 1, 2]
---------------------------------
216. Sudoku numero 184296
[3, 4, 2, 1]
[2, 1, 4, 3]
[4, 3, 1, 2]
[1, 2, 3, 4]
---------------------------------
217. Sudoku numero 195082
[4, 1, 2, 3]
[2, 3, 1, 4]
[1, 4, 3, 2]
[3, 2, 4, 1]
---------------------------------
218. Sudoku numero 195263
[4, 1, 2, 3]
[2, 3, 1, 4]
[3, 2, 4, 1]
[1, 4, 3, 2]
---------------------------------
219. Sudoku numero 195440
[4, 1, 2, 3]
[2, 3, 4, 1]
[1, 2, 3, 4]
[3, 4, 1, 2]
---------------------------------
220. Sudoku numero 195543
[4, 1, 2, 3]
[2, 3, 4, 1]
[1, 4, 3, 2]
[3, 2, 1, 4]
---------------------------------
221. Sudoku numero 195704
[4, 1, 2, 3]
[2, 3, 4, 1]
[3, 2, 1, 4]
[1, 4, 3, 2]
---------------------------------
222. Sudoku numero 195741
[4, 1, 2, 3]
[2, 3, 4, 1]
[3, 4, 1, 2]
[1, 2, 3, 4]
---------------------------------
223. Sudoku numero 197809
[4, 1, 2, 3]
[3, 2, 1, 4]
[1, 3, 4, 2]
[2, 4, 3, 1]
---------------------------------
224. Sudoku numero 197849
[4, 1, 2, 3]
[3, 2, 1, 4]
[1, 4, 3, 2]
[2, 3, 4, 1]
---------------------------------
225. Sudoku numero 197930
[4, 1, 2, 3]
[3, 2, 1, 4]
[2, 3, 4, 1]
[1, 4, 3, 2]
---------------------------------
226. Sudoku numero 197970
[4, 1, 2, 3]
[3, 2, 1, 4]
[2, 4, 3, 1]
[1, 3, 4, 2]
---------------------------------
227. Sudoku numero 198310
[4, 1, 2, 3]
[3, 2, 4, 1]
[1, 4, 3, 2]
[2, 3, 1, 4]
---------------------------------
228. Sudoku numero 198371
[4, 1, 2, 3]
[3, 2, 4, 1]
[2, 3, 1, 4]
[1, 4, 3, 2]
---------------------------------
229. Sudoku numero 205626
[4, 1, 3, 2]
[2, 3, 1, 4]
[1, 2, 4, 3]
[3, 4, 2, 1]
---------------------------------
230. Sudoku numero 205687
[4, 1, 3, 2]
[2, 3, 1, 4]
[1, 4, 2, 3]
[3, 2, 4, 1]
---------------------------------
231. Sudoku numero 205888
[4, 1, 3, 2]
[2, 3, 1, 4]
[3, 2, 4, 1]
[1, 4, 2, 3]
---------------------------------
232. Sudoku numero 205927
[4, 1, 3, 2]
[2, 3, 1, 4]
[3, 4, 2, 1]
[1, 2, 4, 3]
---------------------------------
233. Sudoku numero 206148
[4, 1, 3, 2]
[2, 3, 4, 1]
[1, 4, 2, 3]
[3, 2, 1, 4]
---------------------------------
234. Sudoku numero 206329
[4, 1, 3, 2]
[2, 3, 4, 1]
[3, 2, 1, 4]
[1, 4, 2, 3]
---------------------------------
235. Sudoku numero 208454
[4, 1, 3, 2]
[3, 2, 1, 4]
[1, 4, 2, 3]
[2, 3, 4, 1]
---------------------------------
236. Sudoku numero 208555
[4, 1, 3, 2]
[3, 2, 1, 4]
[2, 3, 4, 1]
[1, 4, 2, 3]
---------------------------------
237. Sudoku numero 208875
[4, 1, 3, 2]
[3, 2, 4, 1]
[1, 3, 2, 4]
[2, 4, 1, 3]
---------------------------------
238. Sudoku numero 208915
[4, 1, 3, 2]
[3, 2, 4, 1]
[1, 4, 2, 3]
[2, 3, 1, 4]
---------------------------------
239. Sudoku numero 208996
[4, 1, 3, 2]
[3, 2, 4, 1]
[2, 3, 1, 4]
[1, 4, 2, 3]
---------------------------------
240. Sudoku numero 209036
[4, 1, 3, 2]
[3, 2, 4, 1]
[2, 4, 1, 3]
[1, 3, 2, 4]
---------------------------------
241. Sudoku numero 213665
[4, 2, 1, 3]
[1, 3, 2, 4]
[2, 4, 3, 1]
[3, 1, 4, 2]
---------------------------------
242. Sudoku numero 213706
[4, 2, 1, 3]
[1, 3, 2, 4]
[3, 1, 4, 2]
[2, 4, 3, 1]
---------------------------------
243. Sudoku numero 214026
[4, 2, 1, 3]
[1, 3, 4, 2]
[2, 1, 3, 4]
[3, 4, 2, 1]
---------------------------------
244. Sudoku numero 214126
[4, 2, 1, 3]
[1, 3, 4, 2]
[2, 4, 3, 1]
[3, 1, 2, 4]
---------------------------------
245. Sudoku numero 214147
[4, 2, 1, 3]
[1, 3, 4, 2]
[3, 1, 2, 4]
[2, 4, 3, 1]
---------------------------------
246. Sudoku numero 214247
[4, 2, 1, 3]
[1, 3, 4, 2]
[3, 4, 2, 1]
[2, 1, 3, 4]
---------------------------------
247. Sudoku numero 218137
[4, 2, 1, 3]
[3, 1, 2, 4]
[1, 3, 4, 2]
[2, 4, 3, 1]
---------------------------------
248. Sudoku numero 218177
[4, 2, 1, 3]
[3, 1, 2, 4]
[1, 4, 3, 2]
[2, 3, 4, 1]
---------------------------------
249. Sudoku numero 218258
[4, 2, 1, 3]
[3, 1, 2, 4]
[2, 3, 4, 1]
[1, 4, 3, 2]
---------------------------------
250. Sudoku numero 218298
[4, 2, 1, 3]
[3, 1, 2, 4]
[2, 4, 3, 1]
[1, 3, 4, 2]
---------------------------------
251. Sudoku numero 218578
[4, 2, 1, 3]
[3, 1, 4, 2]
[1, 3, 2, 4]
[2, 4, 3, 1]
---------------------------------
252. Sudoku numero 218759
[4, 2, 1, 3]
[3, 1, 4, 2]
[2, 4, 3, 1]
[1, 3, 2, 4]
---------------------------------
253. Sudoku numero 224210
[4, 2, 3, 1]
[1, 3, 2, 4]
[2, 1, 4, 3]
[3, 4, 1, 2]
---------------------------------
254. Sudoku numero 224270
[4, 2, 3, 1]
[1, 3, 2, 4]
[2, 4, 1, 3]
[3, 1, 4, 2]
---------------------------------
255. Sudoku numero 224331
[4, 2, 3, 1]
[1, 3, 2, 4]
[3, 1, 4, 2]
[2, 4, 1, 3]
---------------------------------
256. Sudoku numero 224391
[4, 2, 3, 1]
[1, 3, 2, 4]
[3, 4, 1, 2]
[2, 1, 4, 3]
---------------------------------
257. Sudoku numero 224731
[4, 2, 3, 1]
[1, 3, 4, 2]
[2, 4, 1, 3]
[3, 1, 2, 4]
---------------------------------
258. Sudoku numero 224772
[4, 2, 3, 1]
[1, 3, 4, 2]
[3, 1, 2, 4]
[2, 4, 1, 3]
---------------------------------
259. Sudoku numero 228762
[4, 2, 3, 1]
[3, 1, 2, 4]
[1, 3, 4, 2]
[2, 4, 1, 3]
---------------------------------
260. Sudoku numero 228903
[4, 2, 3, 1]
[3, 1, 2, 4]
[2, 4, 1, 3]
[1, 3, 4, 2]
---------------------------------
261. Sudoku numero 229203
[4, 2, 3, 1]
[3, 1, 4, 2]
[1, 3, 2, 4]
[2, 4, 1, 3]
---------------------------------
262. Sudoku numero 229243
[4, 2, 3, 1]
[3, 1, 4, 2]
[1, 4, 2, 3]
[2, 3, 1, 4]
---------------------------------
263. Sudoku numero 229324
[4, 2, 3, 1]
[3, 1, 4, 2]
[2, 3, 1, 4]
[1, 4, 2, 3]
---------------------------------
264. Sudoku numero 229364
[4, 2, 3, 1]
[3, 1, 4, 2]
[2, 4, 1, 3]
[1, 3, 2, 4]
---------------------------------
265. Sudoku numero 233913
[4, 3, 1, 2]
[1, 2, 3, 4]
[2, 1, 4, 3]
[3, 4, 2, 1]
---------------------------------
266. Sudoku numero 234114
[4, 3, 1, 2]
[1, 2, 3, 4]
[3, 4, 2, 1]
[2, 1, 4, 3]
---------------------------------
267. Sudoku numero 234354
[4, 3, 1, 2]
[1, 2, 4, 3]
[2, 1, 3, 4]
[3, 4, 2, 1]
---------------------------------
268. Sudoku numero 234454
[4, 3, 1, 2]
[1, 2, 4, 3]
[2, 4, 3, 1]
[3, 1, 2, 4]
---------------------------------
269. Sudoku numero 234475
[4, 3, 1, 2]
[1, 2, 4, 3]
[3, 1, 2, 4]
[2, 4, 3, 1]
---------------------------------
270. Sudoku numero 234575
[4, 3, 1, 2]
[1, 2, 4, 3]
[3, 4, 2, 1]
[2, 1, 3, 4]
---------------------------------
271. Sudoku numero 236580
[4, 3, 1, 2]
[2, 1, 3, 4]
[1, 2, 4, 3]
[3, 4, 2, 1]
---------------------------------
272. Sudoku numero 236641
[4, 3, 1, 2]
[2, 1, 3, 4]
[1, 4, 2, 3]
[3, 2, 4, 1]
---------------------------------
273. Sudoku numero 236842
[4, 3, 1, 2]
[2, 1, 3, 4]
[3, 2, 4, 1]
[1, 4, 2, 3]
---------------------------------
274. Sudoku numero 236881
[4, 3, 1, 2]
[2, 1, 3, 4]
[3, 4, 2, 1]
[1, 2, 4, 3]
---------------------------------
275. Sudoku numero 237021
[4, 3, 1, 2]
[2, 1, 4, 3]
[1, 2, 3, 4]
[3, 4, 2, 1]
---------------------------------
276. Sudoku numero 237342
[4, 3, 1, 2]
[2, 1, 4, 3]
[3, 4, 2, 1]
[1, 2, 3, 4]
---------------------------------
277. Sudoku numero 244538
[4, 3, 2, 1]
[1, 2, 3, 4]
[2, 1, 4, 3]
[3, 4, 1, 2]
---------------------------------
278. Sudoku numero 244598
[4, 3, 2, 1]
[1, 2, 3, 4]
[2, 4, 1, 3]
[3, 1, 4, 2]
---------------------------------
279. Sudoku numero 244659
[4, 3, 2, 1]
[1, 2, 3, 4]
[3, 1, 4, 2]
[2, 4, 1, 3]
---------------------------------
280. Sudoku numero 244719
[4, 3, 2, 1]
[1, 2, 3, 4]
[3, 4, 1, 2]
[2, 1, 4, 3]
---------------------------------
281. Sudoku numero 244979
[4, 3, 2, 1]
[1, 2, 4, 3]
[2, 1, 3, 4]
[3, 4, 1, 2]
---------------------------------
282. Sudoku numero 245180
[4, 3, 2, 1]
[1, 2, 4, 3]
[3, 4, 1, 2]
[2, 1, 3, 4]
---------------------------------
283. Sudoku numero 247205
[4, 3, 2, 1]
[2, 1, 3, 4]
[1, 2, 4, 3]
[3, 4, 1, 2]
---------------------------------
284. Sudoku numero 247486
[4, 3, 2, 1]
[2, 1, 3, 4]
[3, 4, 1, 2]
[1, 2, 4, 3]
---------------------------------
285. Sudoku numero 247646
[4, 3, 2, 1]
[2, 1, 4, 3]
[1, 2, 3, 4]
[3, 4, 1, 2]
---------------------------------
286. Sudoku numero 247749
[4, 3, 2, 1]
[2, 1, 4, 3]
[1, 4, 3, 2]
[3, 2, 1, 4]
---------------------------------
287. Sudoku numero 247910
[4, 3, 2, 1]
[2, 1, 4, 3]
[3, 2, 1, 4]
[1, 4, 3, 2]
---------------------------------
288. Sudoku numero 247947
[4, 3, 2, 1]
[2, 1, 4, 3]
[3, 4, 1, 2]
[1, 2, 3, 4]
---------------------------------
nombre de grilles generees : 255024
